   0.00 1.00000e+00 0.00000e+00 0.00000e+00
   0.20 9.99689e-01 1.00213e-06 3.10388e-04
   0.40 9.98862e-01 4.30743e-06 1.13385e-03
   0.60 9.97803e-01 9.76025e-06 2.18771e-03
   0.80 9.96866e-01 1.64774e-05 3.11781e-03
   1.00 9.96347e-01 2.31844e-05 3.62956e-03
   1.20 9.96375e-01 2.86348e-05 3.59611e-03
   1.40 9.96871e-01 3.21116e-05 3.09670e-03
   1.60 9.97597e-01 3.34251e-05 2.36913e-03
   1.80 9.98268e-01 3.29105e-05 1.69883e-03
   2.00 9.98672e-01 3.11829e-05 1.29642e-03
   2.20 9.98750e-01 2.89331e-05 1.22117e-03
   2.40 9.98590e-01 2.67726e-05 1.38308e-03
   2.60 9.98359e-01 2.50948e-05 1.61592e-03
   2.80 9.98200e-01 2.40911e-05 1.77612e-03
   3.00 9.98164e-01 2.37735e-05 1.81186e-03
   3.20 9.98209e-01 2.39788e-05 1.76683e-03
   3.40 9.98250e-01 2.44090e-05 1.72554e-03
   3.60 9.98233e-01 2.46655e-05 1.74270e-03
   3.80 9.98171e-01 2.43017e-05 1.80498e-03
   4.00 9.98129e-01 2.29079e-05 1.84829e-03
   4.20 9.98167e-01 2.02935e-05 1.81302e-03
   4.40 9.98286e-01 1.61783e-05 1.69831e-03
   4.60 9.98400e-01 1.09587e-05 1.58898e-03
   4.80 9.98532e-01 6.68843e-06 1.46164e-03
   5.00 9.98521e-01 2.86912e-06 1.47593e-03
   5.20 9.98458e-01 2.26925e-06 1.53931e-03
   5.40 9.98402e-01 5.42615e-06 1.59307e-03
   5.60 9.98384e-01 1.23266e-05 1.60342e-03
   5.80 9.98424e-01 2.18610e-05 1.55455e-03
   6.00 9.98470e-01 3.30337e-05 1.49731e-03
   6.20 9.98473e-01 4.36229e-05 1.48291e-03
   6.40 9.98425e-01 5.14637e-05 1.52343e-03
   6.60 9.98362e-01 5.47574e-05 1.58283e-03
   6.80 9.98339e-01 5.17283e-05 1.60885e-03
   7.00 9.98380e-01 4.45338e-05 1.57583e-03
   7.20 9.98456e-01 3.32586e-05 1.51077e-03
   7.40 9.98512e-01 2.04878e-05 1.46703e-03
   7.60 9.98508e-01 9.30799e-06 1.48236e-03
   7.80 9.98450e-01 2.45573e-06 1.54787e-03
   8.00 9.98383e-01 1.87393e-06 1.61550e-03
   8.20 9.98354e-01 8.28313e-06 1.63727e-03
   8.40 9.98376e-01 2.09995e-05 1.60316e-03
   8.60 9.98415e-01 3.80129e-05 1.54726e-03
   8.80 9.98425e-01 5.63041e-05 1.51850e-03
   9.00 9.98386e-01 7.24157e-05 1.54120e-03
   9.20 9.98321e-01 8.28490e-05 1.59638e-03
   9.40 9.98281e-01 8.51762e-05 1.63370e-03
   9.60 9.98268e-01 7.98090e-05 1.65264e-03
   9.80 9.98283e-01 6.78826e-05 1.64884e-03
  10.00 9.98307e-01 5.16744e-05 1.64169e-03
  10.20 9.98315e-01 3.41384e-05 1.65122e-03
  10.40 9.98305e-01 1.83514e-05 1.67649e-03
  10.60 9.98299e-01 6.86589e-06 1.69445e-03
  10.80 9.98319e-01 1.22453e-06 1.68002e-03
  11.00 9.98369e-01 1.60257e-06 1.62978e-03
  11.20 9.98424e-01 6.69809e-06 1.56886e-03
  11.40 9.98451e-01 1.41272e-05 1.53473e-03
  11.60 9.98429e-01 2.11217e-05 1.55017e-03
  11.80 9.98376e-01 2.20442e-05 1.60163e-03
  12.00 9.98201e-01 2.26313e-05 1.77615e-03
  12.20 9.98125e-01 2.06989e-05 1.85455e-03
  12.40 9.98128e-01 1.88036e-05 1.85359e-03
  12.60 9.98199e-01 1.89033e-05 1.78227e-03
  12.80 9.98290e-01 2.23747e-05 1.68797e-03
  13.00 9.98347e-01 2.94794e-05 1.62338e-03
  13.20 9.98346e-01 3.91885e-05 1.61445e-03
  13.40 9.98301e-01 4.93909e-05 1.65001e-03
  13.60 9.98245e-01 5.74144e-05 1.69747e-03
  13.80 9.98209e-01 6.08151e-05 1.72992e-03
  14.00 9.98199e-01 5.81503e-05 1.74316e-03
  14.20 9.98199e-01 4.94545e-05 1.75148e-03
  14.40 9.98195e-01 3.64366e-05 1.76839e-03
  14.60 9.98187e-01 2.21864e-05 1.79063e-03
  14.80 9.98190e-01 9.79279e-06 1.80066e-03
  15.00 9.98214e-01 2.44494e-06 1.78327e-03
  15.20 9.98252e-01 1.42179e-06 1.74693e-03
  15.40 9.98112e-01 3.46816e-06 1.88456e-03
  15.60 9.97752e-01 7.16254e-06 2.24040e-03
  15.80 9.97362e-01 1.16324e-05 2.62681e-03
  16.00 9.97142e-01 1.59100e-05 2.84246e-03
  16.20 9.97196e-01 1.87119e-05 2.78571e-03
  16.40 9.97472e-01 1.96199e-05 2.50833e-03
  16.60 9.97804e-01 1.83392e-05 2.17732e-03
  16.80 9.98017e-01 1.51769e-05 1.96808e-03
  17.00 9.98027e-01 1.09314e-05 1.96221e-03
  17.20 9.97879e-01 5.77962e-06 2.11550e-03
  17.40 9.97694e-01 2.56691e-06 2.30309e-03
  17.60 9.97585e-01 4.65007e-07 2.41472e-03
  17.80 9.97587e-01 6.38073e-07 2.41270e-03
  18.00 9.97661e-01 2.92626e-06 2.33641e-03
  18.20 9.97739e-01 6.79253e-06 2.25383e-03
  18.40 9.97779e-01 1.13139e-05 2.20941e-03
  18.60 9.97780e-01 1.54858e-05 2.20437e-03
  18.80 9.97767e-01 1.85398e-05 2.21474e-03
  19.00 9.97757e-01 1.97864e-05 2.22324e-03
  19.20 9.97747e-01 1.91393e-05 2.23420e-03
  19.40 9.97720e-01 1.67578e-05 2.26356e-03
  19.60 9.97669e-01 1.31357e-05 2.31774e-03
  19.80 9.97608e-01 9.15110e-06 2.38269e-03
  20.00 9.97561e-01 5.77083e-06 2.43301e-03
  20.20 9.97544e-01 4.30025e-06 2.45198e-03
  20.40 9.97549e-01 5.42712e-06 2.44607e-03
  20.60 9.97550e-01 9.76759e-06 2.44052e-03
  20.80 9.97520e-01 1.74272e-05 2.46267e-03
  21.00 9.97448e-01 2.80785e-05 2.52355e-03
  21.20 9.97347e-01 4.08725e-05 2.61211e-03
  21.40 9.97240e-01 5.52401e-05 2.70473e-03
  21.60 9.97147e-01 6.98435e-05 2.78297e-03
  21.80 9.97072e-01 8.39236e-05 2.84403e-03
  22.00 9.97003e-01 9.66892e-05 2.90075e-03
  22.20 9.96922e-01 1.07648e-04 2.97065e-03
  22.40 9.96820e-01 1.16625e-04 3.06308e-03
  22.60 9.96703e-01 1.23749e-04 3.17309e-03
  22.80 9.96586e-01 1.29385e-04 3.28502e-03
  23.00 9.96483e-01 1.34000e-04 3.38265e-03
  23.20 9.96403e-01 1.38058e-04 3.45892e-03
  23.40 9.96339e-01 1.41887e-04 3.51958e-03
  23.60 9.96239e-01 1.43966e-04 3.61721e-03
  23.80 9.96148e-01 1.43252e-04 3.70913e-03
  24.00 9.96061e-01 1.39063e-04 3.80003e-03
  24.20 9.95973e-01 1.32105e-04 3.89482e-03
  24.40 9.95879e-01 1.23104e-04 3.99755e-03
  24.60 9.95778e-01 1.12750e-04 4.10894e-03
  24.80 9.95672e-01 1.01467e-04 4.22624e-03
  25.00 9.95567e-01 8.95765e-05 4.34363e-03
  25.20 9.95470e-01 7.72899e-05 4.45308e-03
  25.40 9.95390e-01 6.52867e-05 4.54455e-03
  25.60 9.94775e-01 5.42110e-05 5.17086e-03
  25.80 9.94677e-01 4.41023e-05 5.27870e-03
  26.00 9.94650e-01 3.63531e-05 5.31353e-03
  26.20 9.94702e-01 3.17173e-05 5.26648e-03
  26.40 9.94823e-01 3.06206e-05 5.14642e-03
  26.60 9.94989e-01 3.29636e-05 4.97841e-03
  26.80 9.95164e-01 3.81080e-05 4.79760e-03
  27.00 9.95315e-01 4.51042e-05 4.63999e-03
  27.20 9.95415e-01 5.28039e-05 4.53266e-03
  27.40 9.95453e-01 5.99720e-05 4.48691e-03
  27.60 9.95436e-01 6.40873e-05 4.50001e-03
  27.80 9.95208e-01 6.54722e-05 4.72607e-03
  28.00 9.95194e-01 6.53774e-05 4.74023e-03
  28.20 9.94764e-01 6.56764e-05 5.17008e-03
  28.40 9.94257e-01 6.80316e-05 5.67522e-03
  28.60 9.93800e-01 7.34350e-05 6.12700e-03
  28.80 9.93494e-01 8.25108e-05 6.42328e-03
  29.00 9.93397e-01 9.49625e-05 6.50792e-03
  29.20 9.93512e-01 1.10150e-04 6.37738e-03
  29.40 9.93798e-01 1.26792e-04 6.07473e-03
  29.60 9.94255e-01 1.28722e-04 5.61651e-03
  29.80 9.94387e-01 1.30473e-04 5.48210e-03
  30.00 9.94486e-01 1.32245e-04 5.38204e-03
  30.20 9.94494e-01 1.33855e-04 5.37233e-03
  30.40 9.94794e-01 1.37739e-04 5.06824e-03
  30.60 9.94579e-01 1.37252e-04 5.28400e-03
  30.80 9.93953e-01 1.33424e-04 5.91358e-03
  31.00 9.93128e-01 1.26530e-04 6.74575e-03
  31.20 9.92353e-01 1.17174e-04 7.52950e-03
  31.40 9.91840e-01 1.05899e-04 8.05435e-03
  31.60 9.91695e-01 9.32743e-05 8.21187e-03
  31.80 9.91903e-01 7.99815e-05 8.01699e-03
  32.00 9.92348e-01 6.69494e-05 7.58475e-03
  32.20 9.92868e-01 5.55262e-05 7.07634e-03
  32.40 9.93314e-01 4.73433e-05 6.63907e-03
  32.60 9.93592e-01 4.43492e-05 6.36389e-03
  32.80 9.93678e-01 4.83362e-05 6.27340e-03
  33.00 9.93601e-01 6.06447e-05 6.33828e-03
  33.20 9.93412e-01 8.19361e-05 6.50608e-03
  33.40 9.93161e-01 1.12022e-04 6.72748e-03
  33.60 9.92882e-01 1.49821e-04 6.96835e-03
  33.80 9.92599e-01 1.93340e-04 7.20730e-03
  34.00 9.92334e-01 2.39727e-04 7.42615e-03
  34.20 9.92111e-01 2.85300e-04 7.60353e-03
  34.40 9.91865e-01 3.36562e-04 7.79886e-03
  34.60 9.91669e-01 3.86684e-04 7.94459e-03
  34.80 9.91556e-01 4.28897e-04 8.01527e-03
  35.00 9.91549e-01 4.60626e-04 7.99001e-03
  35.20 9.91648e-01 4.81294e-04 7.87102e-03
  35.40 9.91822e-01 4.92302e-04 7.68565e-03
  35.60 9.92025e-01 4.96561e-04 7.47894e-03
  35.80 9.92203e-01 4.97666e-04 7.29961e-03
  36.00 9.92316e-01 4.98651e-04 7.18514e-03
  36.20 9.92347e-01 5.01704e-04 7.15106e-03
  36.40 9.92303e-01 5.06803e-04 7.19027e-03
  36.60 9.92209e-01 5.12942e-04 7.27795e-03
  36.80 9.92100e-01 5.17838e-04 7.38241e-03
  37.00 9.92006e-01 5.18984e-04 7.47483e-03
  37.20 9.91950e-01 5.12640e-04 7.53732e-03
  37.40 9.91941e-01 4.96958e-04 7.56230e-03
  37.60 9.91977e-01 4.69884e-04 7.55273e-03
  37.80 9.92052e-01 4.32307e-04 7.51553e-03
  38.00 9.92154e-01 3.85666e-04 7.46079e-03
  38.20 9.92268e-01 3.34519e-04 7.39724e-03
  38.40 9.92382e-01 2.84989e-04 7.33274e-03
  38.60 9.92482e-01 2.43936e-04 7.27423e-03
  38.80 9.92555e-01 2.17563e-04 7.22762e-03
  39.00 9.92593e-01 2.10087e-04 7.19704e-03
  39.20 9.92593e-01 2.22774e-04 7.18389e-03
  39.40 9.92560e-01 2.53690e-04 7.18649e-03
  39.60 9.92502e-01 2.97678e-04 7.20081e-03
  39.80 9.92431e-01 3.47144e-04 7.22225e-03
  40.00 9.92360e-01 3.93487e-04 7.24666e-03
  40.20 9.92301e-01 4.27865e-04 7.27135e-03
  40.40 9.92263e-01 4.42909e-04 7.29381e-03
  40.60 9.92254e-01 4.34513e-04 7.31110e-03
  40.80 9.92278e-01 4.01445e-04 7.32049e-03
  41.00 9.92334e-01 3.47001e-04 7.31891e-03
  41.20 9.92417e-01 2.77458e-04 7.30575e-03
  41.40 9.92515e-01 2.01352e-04 7.28350e-03
  41.60 9.92615e-01 1.28212e-04 7.25670e-03
  41.80 9.92687e-01 7.57266e-05 7.23711e-03
  42.00 9.92498e-01 3.53050e-05 7.46681e-03
  42.20 9.92568e-01 9.22348e-06 7.42299e-03
  42.40 9.92303e-01 1.04801e-06 7.69605e-03
  42.60 9.92024e-01 1.96801e-06 7.97445e-03
  42.80 9.91837e-01 1.07790e-05 8.15257e-03
  43.00 9.91804e-01 2.52362e-05 8.17049e-03
  43.20 9.91924e-01 4.26876e-05 8.03375e-03
  43.40 9.92137e-01 6.00237e-05 7.80346e-03
  43.60 9.92361e-01 7.43070e-05 7.56484e-03
  43.80 9.92525e-01 8.34590e-05 7.39187e-03
  44.00 9.92590e-01 8.65755e-05 7.32392e-03
  44.20 9.92556e-01 8.33117e-05 7.36102e-03
  44.40 9.92453e-01 7.45104e-05 7.47227e-03
  44.60 9.92326e-01 6.17213e-05 7.61211e-03
  44.80 9.92217e-01 4.70061e-05 7.73599e-03
  45.00 9.92155e-01 3.23595e-05 7.81285e-03
  45.20 9.92167e-01 1.72188e-05 7.81555e-03
  45.40 9.92164e-01 7.71846e-06 7.82812e-03
  45.60 9.92137e-01 3.62763e-06 7.85901e-03
  45.80 9.92103e-01 3.87054e-06 7.89361e-03
  46.00 9.92076e-01 6.92270e-06 7.91711e-03
  46.20 9.92067e-01 1.11821e-05 7.92173e-03
  46.40 9.92074e-01 1.51220e-05 7.91124e-03
  46.60 9.92004e-01 1.63828e-05 7.97990e-03
  46.80 9.91885e-01 1.62368e-05 8.09892e-03
  47.00 9.91725e-01 1.52683e-05 8.25947e-03
  47.20 9.91544e-01 1.44465e-05 8.44155e-03
  47.40 9.91369e-01 1.48807e-05 8.61656e-03
  47.60 9.91229e-01 1.75240e-05 8.75373e-03
  47.80 9.91148e-01 2.30634e-05 8.82887e-03
  48.00 9.91136e-01 3.16188e-05 8.83213e-03
  48.20 9.91185e-01 4.31033e-05 8.77179e-03
  48.40 9.91271e-01 5.67264e-05 8.67245e-03
  48.60 9.91360e-01 7.15271e-05 8.56867e-03
  48.80 9.91418e-01 8.61986e-05 8.49571e-03
  49.00 9.91419e-01 9.96083e-05 8.48111e-03
  49.20 9.91350e-01 1.10423e-04 8.53971e-03
  49.40 9.91210e-01 1.18016e-04 8.67245e-03
  49.60 9.91008e-01 1.21881e-04 8.87027e-03
  49.80 9.90759e-01 1.22567e-04 9.11836e-03
  50.00 9.90477e-01 1.21946e-04 9.40119e-03
  50.20 9.90170e-01 1.23949e-04 9.70612e-03
  50.40 9.89840e-01 1.36223e-04 1.00239e-02
  50.60 9.89481e-01 1.70018e-04 1.03493e-02
  50.80 9.89077e-01 2.42745e-04 1.06805e-02
  51.00 9.88602e-01 3.85563e-04 1.10129e-02
  51.20 9.88017e-01 6.34003e-04 1.13486e-02
  51.40 9.87275e-01 1.03825e-03 1.16868e-02
  51.60 9.86314e-01 1.65773e-03 1.20284e-02
  51.80 9.85069e-01 2.55696e-03 1.23738e-02
  52.00 9.83481e-01 3.79373e-03 1.27255e-02
  52.20 9.81513e-01 5.40574e-03 1.30812e-02
  52.40 9.79164e-01 7.39639e-03 1.34392e-02
  52.60 9.76486e-01 9.72106e-03 1.37933e-02
  52.80 9.73583e-01 1.22862e-02 1.41304e-02
  53.00 9.70605e-01 1.49662e-02 1.44286e-02
  53.20 9.67726e-01 1.76114e-02 1.46624e-02
  53.40 9.65126e-01 2.00662e-02 1.48074e-02
  53.60 9.62951e-01 2.22002e-02 1.48483e-02
  53.80 9.61295e-01 2.39221e-02 1.47827e-02
  54.00 9.60196e-01 2.51916e-02 1.46123e-02
  54.20 9.59635e-01 2.60262e-02 1.43391e-02
  54.40 9.59535e-01 2.64922e-02 1.39724e-02
  54.60 9.59789e-01 2.66766e-02 1.35347e-02
  54.80 9.60271e-01 2.66787e-02 1.30508e-02
  55.00 9.60710e-01 2.66126e-02 1.26775e-02
  55.20 9.60231e-01 2.66763e-02 1.30930e-02
  55.40 9.59333e-01 2.69569e-02 1.37103e-02
  55.60 9.58120e-01 2.75115e-02 1.43689e-02
  55.80 9.56745e-01 2.83536e-02 1.49014e-02
  56.00 9.55366e-01 2.94728e-02 1.51617e-02
  56.20 9.54096e-01 3.08291e-02 1.50753e-02
  56.40 9.52983e-01 3.23615e-02 1.46560e-02
  56.60 9.52008e-01 3.39929e-02 1.39990e-02
  56.80 9.51111e-01 3.56418e-02 1.32477e-02
  57.00 9.50224e-01 3.72207e-02 1.25553e-02
  57.20 9.49310e-01 3.86565e-02 1.20331e-02
  57.40 9.48381e-01 3.99010e-02 1.17177e-02
  57.60 9.47496e-01 4.08190e-02 1.16851e-02
  57.80 9.46741e-01 4.14475e-02 1.18120e-02
  58.00 9.46203e-01 4.17429e-02 1.20537e-02
  58.20 9.45946e-01 4.17329e-02 1.23215e-02
  58.40 9.45985e-01 4.14552e-02 1.25594e-02
  58.60 9.46297e-01 4.09538e-02 1.27492e-02
  58.80 9.46823e-01 4.02827e-02 1.28938e-02
  59.00 9.47495e-01 3.95089e-02 1.29959e-02
  59.20 9.48246e-01 3.86974e-02 1.30565e-02
  59.40 9.49020e-01 3.78883e-02 1.30913e-02
  59.60 9.49773e-01 3.71743e-02 1.30525e-02
  59.80 9.50467e-01 3.65483e-02 1.29843e-02
  60.00 9.51066e-01 3.60451e-02 1.28887e-02
  60.20 9.51536e-01 3.56702e-02 1.27939e-02
  60.40 9.51849e-01 3.54186e-02 1.27321e-02
  60.60 9.51992e-01 3.52786e-02 1.27294e-02
  60.80 9.51967e-01 3.52345e-02 1.27983e-02
  61.00 9.51794e-01 3.52722e-02 1.29334e-02
  61.20 9.51502e-01 3.53789e-02 1.31195e-02
  61.40 9.51116e-01 3.55565e-02 1.33271e-02
  61.60 9.50659e-01 3.58119e-02 1.35289e-02
  61.80 9.50127e-01 3.61627e-02 1.37104e-02
  62.00 9.49484e-01 3.66656e-02 1.38501e-02
  62.20 9.47735e-01 3.81530e-02 1.41116e-02
  62.40 9.45942e-01 3.93909e-02 1.46676e-02
  62.60 9.45394e-01 4.01593e-02 1.44466e-02
  62.80 9.44767e-01 4.09331e-02 1.43004e-02
  63.00 9.43494e-01 4.20538e-02 1.44525e-02
  63.20 9.41758e-01 4.33799e-02 1.48619e-02
  63.40 9.40232e-01 4.45489e-02 1.52193e-02
  63.60 9.39337e-01 4.52439e-02 1.54187e-02
  63.80 9.39151e-01 4.58227e-02 1.50262e-02
  64.00 9.38712e-01 4.61892e-02 1.50990e-02
  64.20 9.38645e-01 4.62550e-02 1.50997e-02
  64.40 9.39021e-01 4.60747e-02 1.49043e-02
  64.60 9.39321e-01 4.56928e-02 1.49861e-02
  64.80 9.39564e-01 4.51480e-02 1.52883e-02
  65.00 9.39785e-01 4.44962e-02 1.57190e-02
  65.20 9.40022e-01 4.38032e-02 1.61747e-02
  65.40 9.40305e-01 4.31318e-02 1.65635e-02
  65.60 9.40648e-01 4.25374e-02 1.68143e-02
  65.80 9.41054e-01 4.20556e-02 1.68908e-02
  66.00 9.41511e-01 4.16994e-02 1.67896e-02
  66.20 9.41999e-01 4.14617e-02 1.65389e-02
  66.40 9.42496e-01 4.13165e-02 1.61877e-02
  66.60 9.42973e-01 4.12323e-02 1.57950e-02
  66.80 9.43407e-01 4.11752e-02 1.54174e-02
  67.00 9.43381e-01 4.15516e-02 1.50677e-02
  67.20 9.43253e-01 4.19685e-02 1.47786e-02
  67.40 9.43219e-01 4.22437e-02 1.45369e-02
  67.60 9.43267e-01 4.24183e-02 1.43150e-02
  67.80 9.43369e-01 4.24868e-02 1.41446e-02
  68.00 9.43496e-01 4.24578e-02 1.40460e-02
  68.20 9.43628e-01 4.23486e-02 1.40236e-02
  68.40 9.43758e-01 4.21805e-02 1.40617e-02
  68.60 9.43892e-01 4.19801e-02 1.41276e-02
  68.80 9.44040e-01 4.17663e-02 1.41933e-02
  69.00 9.44203e-01 4.15677e-02 1.42295e-02
  69.20 9.44365e-01 4.14052e-02 1.42301e-02
  69.40 9.44138e-01 4.15686e-02 1.42939e-02
  69.60 9.43695e-01 4.19640e-02 1.43409e-02
  69.80 9.43271e-01 4.22514e-02 1.44782e-02
  70.00 9.42953e-01 4.24029e-02 1.46443e-02
  70.20 9.42864e-01 4.24048e-02 1.47315e-02
  70.40 9.43097e-01 4.22519e-02 1.46516e-02
  70.60 9.43658e-01 4.19550e-02 1.43874e-02
  70.80 9.44445e-01 4.15399e-02 1.40155e-02
  71.00 9.45278e-01 4.10486e-02 1.36735e-02
  71.20 9.45971e-01 4.05347e-02 1.34946e-02
  71.40 9.46400e-01 4.00582e-02 1.35423e-02
  71.60 9.46540e-01 3.96846e-02 1.37758e-02
  71.80 9.46450e-01 3.94713e-02 1.40791e-02
  72.00 9.46219e-01 3.94579e-02 1.43233e-02
  72.20 9.45913e-01 3.96605e-02 1.44267e-02
  72.40 9.45549e-01 4.00652e-02 1.43856e-02
  72.60 9.45114e-01 4.06294e-02 1.42567e-02
  72.80 9.44599e-01 4.12829e-02 1.41178e-02
  73.00 9.44039e-01 4.19386e-02 1.40228e-02
  73.20 9.43511e-01 4.25039e-02 1.39851e-02
  73.40 9.43117e-01 4.28951e-02 1.39877e-02
  73.60 9.42942e-01 4.30496e-02 1.40086e-02
  73.80 9.43025e-01 4.29385e-02 1.40368e-02
  74.00 9.43355e-01 4.25828e-02 1.40621e-02
  74.20 9.43880e-01 4.19556e-02 1.41643e-02
  74.40 9.44531e-01 4.11859e-02 1.42827e-02
  74.60 9.45428e-01 4.01436e-02 1.44284e-02
  74.80 9.46523e-01 3.89788e-02 1.44981e-02
  75.00 9.47443e-01 3.80111e-02 1.45455e-02
  75.20 9.48075e-01 3.73484e-02 1.45763e-02
  75.40 9.48333e-01 3.70620e-02 1.46047e-02
  75.60 9.48177e-01 3.71772e-02 1.46461e-02
  75.80 9.47622e-01 3.76642e-02 1.47139e-02
  76.00 9.46745e-01 3.84582e-02 1.47966e-02
  76.20 9.45670e-01 3.94667e-02 1.48632e-02
  76.40 9.44544e-01 4.05684e-02 1.48875e-02
  76.60 9.43510e-01 4.16354e-02 1.48545e-02
  76.80 9.42681e-01 4.25544e-02 1.47648e-02
  77.00 9.42125e-01 4.32383e-02 1.46369e-02
  77.20 9.41862e-01 4.36374e-02 1.45011e-02
  77.40 9.41862e-01 4.37494e-02 1.43891e-02
  77.60 9.42057e-01 4.36189e-02 1.43239e-02
  77.80 9.42358e-01 4.33268e-02 1.43152e-02
  78.00 9.42668e-01 4.29766e-02 1.43549e-02
  78.20 9.42906e-01 4.26706e-02 1.44232e-02
  78.40 9.43018e-01 4.24880e-02 1.44944e-02
  78.60 9.42987e-01 4.24622e-02 1.45510e-02
  78.80 9.42837e-01 4.25783e-02 1.45848e-02
  79.00 9.42625e-01 4.27712e-02 1.46041e-02
  79.20 9.42425e-01 4.29744e-02 1.46004e-02
  79.40 9.42314e-01 4.30991e-02 1.45866e-02
  79.60 9.42352e-01 4.30738e-02 1.45744e-02
  79.80 9.42567e-01 4.28617e-02 1.45709e-02
  80.00 9.42954e-01 4.24631e-02 1.45828e-02
  80.20 9.43467e-01 4.19178e-02 1.46157e-02
  80.40 9.44034e-01 4.12939e-02 1.46723e-02
  80.60 9.44575e-01 4.06768e-02 1.47483e-02
  80.80 9.45012e-01 4.01546e-02 1.48333e-02
  81.00 9.45286e-01 3.98015e-02 1.49128e-02
  81.20 9.45361e-01 3.96707e-02 1.49682e-02
  81.40 9.45234e-01 3.97729e-02 1.49934e-02
  81.60 9.44942e-01 4.00850e-02 1.49732e-02
  81.80 9.44533e-01 4.05391e-02 1.49276e-02
  82.00 9.44073e-01 4.10648e-02 1.48619e-02
  82.20 9.43643e-01 4.15615e-02 1.47960e-02
  82.40 9.43304e-01 4.19830e-02 1.47134e-02
  82.60 9.43046e-01 4.22229e-02 1.47307e-02
  82.80 9.43009e-01 4.22268e-02 1.47642e-02
  83.00 9.43164e-01 4.20118e-02 1.48238e-02
  83.20 9.43456e-01 4.16380e-02 1.49056e-02
  83.40 9.43820e-01 4.11912e-02 1.49885e-02
  83.60 9.44195e-01 4.07658e-02 1.50396e-02
  83.80 9.44528e-01 4.04360e-02 1.50357e-02
  84.00 9.44782e-01 4.02408e-02 1.49769e-02
  84.20 9.44930e-01 4.01834e-02 1.48867e-02
  84.40 9.44962e-01 4.02361e-02 1.48017e-02
  84.60 9.44894e-01 4.03530e-02 1.47534e-02
  84.80 9.44760e-01 4.04888e-02 1.47512e-02
  85.00 9.44607e-01 4.06101e-02 1.47832e-02
  85.20 9.44468e-01 4.07053e-02 1.48271e-02
  85.40 9.44354e-01 4.07771e-02 1.48687e-02
  85.60 9.44259e-01 4.08377e-02 1.49034e-02
  85.80 9.44164e-01 4.09038e-02 1.49322e-02
  86.00 9.44056e-01 4.09876e-02 1.49566e-02
  86.20 9.43936e-01 4.10897e-02 1.49747e-02
  86.40 9.43820e-01 4.12007e-02 1.49796e-02
  86.60 9.43740e-01 4.13026e-02 1.49575e-02
  86.80 9.43776e-01 4.12357e-02 1.49880e-02
  87.00 9.43591e-01 4.11731e-02 1.52356e-02
  87.20 9.43290e-01 4.11181e-02 1.55916e-02
  87.40 9.43029e-01 4.10696e-02 1.59013e-02
  87.60 9.42941e-01 4.10249e-02 1.60339e-02
  87.80 9.43077e-01 4.09817e-02 1.59415e-02
  88.00 9.43482e-01 4.07812e-02 1.57373e-02
  88.20 9.43781e-01 4.06179e-02 1.56014e-02
  88.40 9.44253e-01 4.05913e-02 1.51555e-02
  88.60 9.44437e-01 4.05233e-02 1.50399e-02
  88.80 9.44329e-01 4.05089e-02 1.51627e-02
  89.00 9.43995e-01 4.06418e-02 1.53628e-02
  89.20 9.43490e-01 4.09153e-02 1.55952e-02
  89.40 9.42890e-01 4.12995e-02 1.58103e-02
  89.60 9.42290e-01 4.17418e-02 1.59681e-02
  89.80 9.41776e-01 4.21762e-02 1.60474e-02
  90.00 9.41414e-01 4.25411e-02 1.60445e-02
  90.20 9.41241e-01 4.27873e-02 1.59712e-02
  90.40 9.41258e-01 4.28934e-02 1.58482e-02
  90.60 9.41426e-01 4.28751e-02 1.56991e-02
  90.80 9.41669e-01 4.27837e-02 1.55476e-02
  91.00 9.41890e-01 4.26950e-02 1.54152e-02
  91.20 9.41988e-01 4.26908e-02 1.53209e-02
  91.40 9.41885e-01 4.28370e-02 1.52783e-02
  91.60 9.41542e-01 4.31653e-02 1.52930e-02
  91.80 9.40977e-01 4.36628e-02 1.53604e-02
  92.00 9.40261e-01 4.42727e-02 1.54661e-02
  92.20 9.39506e-01 4.49071e-02 1.55866e-02
  92.40 9.38841e-01 4.54609e-02 1.56987e-02
  92.60 9.38385e-01 4.58321e-02 1.57834e-02
  92.80 9.38226e-01 4.59418e-02 1.58319e-02
  93.00 9.38406e-01 4.57484e-02 1.58461e-02
  93.20 9.38777e-01 4.53519e-02 1.58709e-02
  93.40 9.38868e-01 4.49143e-02 1.62178e-02
  93.60 9.38897e-01 4.43646e-02 1.67380e-02
  93.80 9.38972e-01 4.37706e-02 1.72576e-02
  94.00 9.39208e-01 4.32050e-02 1.75873e-02
  94.20 9.39663e-01 4.27318e-02 1.76053e-02
  94.40 9.40295e-01 4.23967e-02 1.73080e-02
  94.60 9.40972e-01 4.22231e-02 1.68048e-02
  94.80 9.41520e-01 4.22131e-02 1.62666e-02
  95.00 9.41799e-01 4.23484e-02 1.58524e-02
  95.20 9.41753e-01 4.25946e-02 1.56525e-02
  95.40 9.41425e-01 4.29070e-02 1.56685e-02
  95.60 9.40928e-01 4.32376e-02 1.58340e-02
  95.80 9.40402e-01 4.35408e-02 1.60574e-02
  96.00 9.39961e-01 4.37788e-02 1.62606e-02
  96.20 9.39677e-01 4.39250e-02 1.63979e-02
  96.40 9.39578e-01 4.39665e-02 1.64552e-02
  96.60 9.39657e-01 4.39046e-02 1.64384e-02
  96.80 9.39882e-01 4.37540e-02 1.63638e-02
  97.00 9.40205e-01 4.35409e-02 1.62543e-02
  97.20 9.40563e-01 4.32988e-02 1.61385e-02
  97.40 9.40889e-01 4.30647e-02 1.60460e-02
  97.60 9.41128e-01 4.28733e-02 1.59984e-02
  97.80 9.41248e-01 4.27518e-02 1.59998e-02
  98.00 9.41250e-01 4.27153e-02 1.60347e-02
  98.20 9.41160e-01 4.27638e-02 1.60761e-02
  98.40 9.41017e-01 4.28829e-02 1.61006e-02
  98.60 9.40852e-01 4.30469e-02 1.61012e-02
  98.80 9.40685e-01 4.32223e-02 1.60923e-02
  99.00 9.40523e-01 4.33776e-02 1.60994e-02
  99.20 9.40366e-01 4.34900e-02 1.61437e-02
  99.40 9.40218e-01 4.35553e-02 1.62263e-02
  99.60 9.40080e-01 4.35878e-02 1.63323e-02
  99.80 9.39942e-01 4.36155e-02 1.64428e-02
 100.00 9.39781e-01 4.36722e-02 1.65464e-02
 100.20 9.39570e-01 4.37901e-02 1.66402e-02
 100.40 9.39285e-01 4.39904e-02 1.67247e-02
 100.60 9.38469e-01 4.46903e-02 1.68406e-02
 100.80 9.37585e-01 4.54938e-02 1.69208e-02
 101.00 9.36712e-01 4.63428e-02 1.69453e-02
 101.20 9.36022e-01 4.70740e-02 1.69041e-02
 101.40 9.35643e-01 4.75535e-02 1.68041e-02
 101.60 9.35676e-01 4.76538e-02 1.66703e-02
 101.80 9.36186e-01 4.72791e-02 1.65352e-02
 102.00 9.37186e-01 4.63912e-02 1.64232e-02
 102.20 9.38631e-01 4.50180e-02 1.63509e-02
 102.40 9.40414e-01 4.32623e-02 1.63239e-02
 102.60 9.42374e-01 4.12883e-02 1.63379e-02
 102.80 9.44317e-01 3.92990e-02 1.63839e-02
 103.00 9.46038e-01 3.75102e-02 1.64517e-02
 103.20 9.47362e-01 3.61056e-02 1.65325e-02
 103.40 9.48173e-01 3.52079e-02 1.66189e-02
 103.60 9.48436e-01 3.48627e-02 1.67015e-02
 103.80 9.48203e-01 3.50254e-02 1.67719e-02
 104.00 9.47603e-01 3.55732e-02 1.68237e-02
 104.20 9.46814e-01 3.63323e-02 1.68536e-02
 104.40 9.46024e-01 3.71122e-02 1.68636e-02
 104.60 9.45393e-01 3.77576e-02 1.68493e-02
 104.80 9.45019e-01 3.81613e-02 1.68195e-02
 105.00 9.44926e-01 3.82899e-02 1.67843e-02
 105.20 9.45064e-01 3.81858e-02 1.67507e-02
 105.40 9.45326e-01 3.79527e-02 1.67218e-02
 105.60 9.45575e-01 3.77294e-02 1.66953e-02
 105.80 9.45679e-01 3.76535e-02 1.66678e-02
 106.00 9.45530e-01 3.78349e-02 1.66355e-02
 106.20 9.45073e-01 3.83265e-02 1.66005e-02
 106.40 9.44317e-01 3.91183e-02 1.65650e-02
 106.60 9.43330e-01 4.01375e-02 1.65328e-02
 106.80 9.42235e-01 4.12565e-02 1.65084e-02
 107.00 9.41189e-01 4.23507e-02 1.64602e-02
 107.20 9.40296e-01 4.32391e-02 1.64652e-02
 107.40 9.39737e-01 4.37762e-02 1.64871e-02
 107.60 9.39587e-01 4.38775e-02 1.65354e-02
 107.80 9.39858e-01 4.35365e-02 1.66056e-02
 108.00 9.40499e-01 4.28104e-02 1.66905e-02
 108.20 9.41409e-01 4.18208e-02 1.67700e-02
 108.40 9.42451e-01 4.07315e-02 1.68177e-02
 108.60 9.43471e-01 3.97148e-02 1.68140e-02
 108.80 9.44328e-01 3.89192e-02 1.67531e-02
 109.00 9.44910e-01 3.84428e-02 1.66472e-02
 109.20 9.45161e-01 3.83155e-02 1.65235e-02
 109.40 9.45082e-01 3.85009e-02 1.64172e-02
 109.60 9.44743e-01 3.88973e-02 1.63602e-02
 109.80 9.44257e-01 3.93920e-02 1.63511e-02
 110.00 9.43748e-01 3.98742e-02 1.63782e-02
 110.20 9.43321e-01 4.02482e-02 1.64305e-02
 110.40 9.43039e-01 4.04746e-02 1.64867e-02
 110.60 9.42902e-01 4.05672e-02 1.65308e-02
 110.80 9.42861e-01 4.05850e-02 1.65539e-02
 111.00 9.42838e-01 4.06083e-02 1.65534e-02
 111.20 9.42759e-01 4.07036e-02 1.65372e-02
 111.40 9.42582e-01 4.09136e-02 1.65047e-02
 111.60 9.42313e-01 4.12326e-02 1.64545e-02
 111.80 9.42007e-01 4.15796e-02 1.64133e-02
 112.00 9.41762e-01 4.18069e-02 1.64311e-02
 112.20 9.41709e-01 4.18488e-02 1.64421e-02
 112.40 9.41958e-01 4.15847e-02 1.64575e-02
 112.60 9.42547e-01 4.09580e-02 1.64946e-02
 112.80 9.43436e-01 3.99678e-02 1.65961e-02
 113.00 9.44154e-01 3.91495e-02 1.66961e-02
 113.20 9.45214e-01 3.81397e-02 1.66462e-02
 113.40 9.46018e-01 3.73263e-02 1.66559e-02
 113.60 9.46373e-01 3.68979e-02 1.67293e-02
 113.80 9.46165e-01 3.69841e-02 1.68514e-02
 114.00 9.45379e-01 3.76263e-02 1.69951e-02
 114.20 9.44106e-01 3.87647e-02 1.71293e-02
 114.40 9.42526e-01 4.02467e-02 1.72275e-02
 114.60 9.40874e-01 4.18520e-02 1.72744e-02
 114.80 9.39396e-01 4.33363e-02 1.72675e-02
 115.00 9.38303e-01 4.44939e-02 1.72033e-02
 115.20 9.37732e-01 4.51616e-02 1.71062e-02
 115.40 9.37724e-01 4.52762e-02 1.69995e-02
 115.60 9.38219e-01 4.48649e-02 1.69158e-02
 115.80 9.39077e-01 4.40419e-02 1.68816e-02
 116.00 9.40105e-01 4.29908e-02 1.69040e-02
 116.20 9.41108e-01 4.19102e-02 1.69818e-02
 116.40 9.41919e-01 4.09866e-02 1.70947e-02
 116.60 9.42434e-01 4.03415e-02 1.72245e-02
 116.80 9.42637e-01 4.00123e-02 1.73509e-02
 117.00 9.42595e-01 3.99593e-02 1.74462e-02
 117.20 9.42443e-01 4.00514e-02 1.75061e-02
 117.40 9.42353e-01 4.01155e-02 1.75320e-02
 117.60 9.42493e-01 3.99745e-02 1.75321e-02
 117.80 9.42992e-01 3.94889e-02 1.75192e-02
 118.00 9.43902e-01 3.85940e-02 1.75043e-02
 118.20 9.45188e-01 3.73160e-02 1.74956e-02
 118.40 9.46733e-01 3.57677e-02 1.74989e-02
 118.60 9.48355e-01 3.41278e-02 1.75173e-02
 118.80 9.49840e-01 3.26081e-02 1.75516e-02
 119.00 9.50979e-01 3.14204e-02 1.76005e-02
 119.20 9.51606e-01 3.07352e-02 1.76586e-02
 119.40 9.51628e-01 3.06505e-02 1.77217e-02
 119.60 9.51033e-01 3.11855e-02 1.77815e-02
 119.80 9.49895e-01 3.22645e-02 1.78402e-02
 120.00 9.48360e-01 3.37519e-02 1.78879e-02
 120.20 9.46621e-01 3.54789e-02 1.79000e-02
 120.40 9.44886e-01 3.72368e-02 1.78770e-02
 120.60 9.43644e-01 3.85924e-02 1.77636e-02
 120.80 9.42521e-01 3.94333e-02 1.80458e-02
 121.00 9.41446e-01 3.99881e-02 1.85659e-02
 121.20 9.40608e-01 4.02535e-02 1.91386e-02
 121.40 9.40183e-01 4.02147e-02 1.96028e-02
 121.60 9.40254e-01 3.99618e-02 1.97839e-02
 121.80 9.41214e-01 3.92095e-02 1.95765e-02
 122.00 9.42198e-01 3.83407e-02 1.94617e-02
 122.20 9.43105e-01 3.75764e-02 1.93187e-02
 122.40 9.43942e-01 3.68566e-02 1.92018e-02
 122.60 9.44554e-01 3.63249e-02 1.91216e-02
 122.80 9.44943e-01 3.60101e-02 1.90472e-02
 123.00 9.44644e-01 3.59328e-02 1.94229e-02
 123.20 9.43795e-01 3.59332e-02 2.02718e-02
 123.40 9.42791e-01 3.59788e-02 2.12303e-02
 123.60 9.42008e-01 3.60366e-02 2.19553e-02
 123.80 9.41672e-01 3.60787e-02 2.22499e-02
 124.00 9.41807e-01 3.60850e-02 2.21083e-02
 124.20 9.42273e-01 3.60531e-02 2.16743e-02
 124.40 9.42845e-01 3.59963e-02 2.11586e-02
 124.60 9.43313e-01 3.59389e-02 2.07484e-02
 124.80 9.43541e-01 3.59061e-02 2.05527e-02
 125.00 9.43400e-01 3.60026e-02 2.05972e-02
 125.20 9.43136e-01 3.62849e-02 2.05792e-02
 125.40 9.42640e-01 3.67601e-02 2.06000e-02
 125.60 9.41923e-01 3.74043e-02 2.06726e-02
 125.80 9.41058e-01 3.81467e-02 2.07950e-02
 126.00 9.40206e-01 3.88560e-02 2.09385e-02
 126.20 9.39644e-01 3.94095e-02 2.09462e-02
 126.40 9.39252e-01 3.97938e-02 2.09548e-02
 126.60 9.39097e-01 3.98743e-02 2.10287e-02
 126.80 9.39227e-01 3.97055e-02 2.10673e-02
 127.00 9.39631e-01 3.92454e-02 2.11234e-02
 127.20 9.40490e-01 3.84633e-02 2.10465e-02
 127.40 9.41477e-01 3.74880e-02 2.10356e-02
 127.60 9.42468e-01 3.64080e-02 2.11243e-02
 127.80 9.43357e-01 3.53171e-02 2.13259e-02
 128.00 9.44065e-01 3.43054e-02 2.16295e-02
 128.20 9.44551e-01 3.34454e-02 2.20035e-02
 128.40 9.44811e-01 3.27857e-02 2.24032e-02
 128.60 9.44866e-01 3.23513e-02 2.27824e-02
 128.80 9.44758e-01 3.21362e-02 2.31063e-02
 129.00 9.44543e-01 3.21091e-02 2.33484e-02
 129.20 9.44288e-01 3.22106e-02 2.35012e-02
 129.40 9.44069e-01 3.23611e-02 2.35696e-02
 129.60 9.43964e-01 3.24692e-02 2.35667e-02
 129.80 9.44048e-01 3.24407e-02 2.35110e-02
 130.00 9.44391e-01 3.21889e-02 2.34203e-02
 130.20 9.45047e-01 3.16402e-02 2.33131e-02
 130.40 9.46044e-01 3.07502e-02 2.32056e-02
 130.60 9.47374e-01 2.95136e-02 2.31126e-02
 130.80 9.48980e-01 2.79745e-02 2.30451e-02
 131.00 9.50771e-01 2.62150e-02 2.30140e-02
 131.20 9.52618e-01 2.43539e-02 2.30280e-02
 131.40 9.54379e-01 2.25281e-02 2.30929e-02
 131.60 9.55914e-01 2.08887e-02 2.31975e-02
 131.80 9.57107e-01 1.95360e-02 2.33572e-02
 132.00 9.57888e-01 1.85780e-02 2.35344e-02
 132.20 9.58237e-01 1.80394e-02 2.37235e-02
 132.40 9.58186e-01 1.79149e-02 2.38993e-02
 132.60 9.57807e-01 1.81513e-02 2.40420e-02
 132.80 9.57199e-01 1.86661e-02 2.41351e-02
 133.00 9.56470e-01 1.93666e-02 2.41637e-02
 133.20 9.55722e-01 2.01565e-02 2.41216e-02
 133.40 9.55037e-01 2.09533e-02 2.40094e-02
 133.60 9.54472e-01 2.16946e-02 2.38330e-02
 133.80 9.54057e-01 2.23419e-02 2.36012e-02
 134.00 9.53799e-01 2.28735e-02 2.33278e-02
 134.20 9.53686e-01 2.32855e-02 2.30289e-02
 134.40 9.53791e-01 2.34854e-02 2.27241e-02
 134.60 9.53893e-01 2.35940e-02 2.25134e-02
 134.80 9.54042e-01 2.36617e-02 2.22968e-02
 135.00 9.54207e-01 2.36672e-02 2.21256e-02
 135.20 9.54365e-01 2.36567e-02 2.19784e-02
 135.40 9.54499e-01 2.36240e-02 2.18771e-02
 135.60 9.54600e-01 2.35921e-02 2.18082e-02
 135.80 9.54665e-01 2.35634e-02 2.17720e-02
 136.00 9.54697e-01 2.35335e-02 2.17700e-02
 136.20 9.54708e-01 2.35266e-02 2.17656e-02
 136.40 9.54711e-01 2.35162e-02 2.17730e-02
 136.60 9.54717e-01 2.35103e-02 2.17732e-02
 136.80 9.54733e-01 2.35093e-02 2.17581e-02
 137.00 9.54761e-01 2.35142e-02 2.17246e-02
 137.20 9.54798e-01 2.35262e-02 2.16761e-02
 137.40 9.54831e-01 2.35470e-02 2.16216e-02
 137.60 9.54848e-01 2.35784e-02 2.15737e-02
 137.80 9.54832e-01 2.36230e-02 2.15453e-02
 138.00 9.54771e-01 2.36831e-02 2.15463e-02
 138.20 9.54659e-01 2.37600e-02 2.15810e-02
 138.40 9.54501e-01 2.38519e-02 2.16475e-02
 138.60 9.54308e-01 2.39532e-02 2.17386e-02
 138.80 9.54105e-01 2.40560e-02 2.18387e-02
 139.00 9.53736e-01 2.42606e-02 2.20034e-02
 139.20 9.53266e-01 2.43947e-02 2.23394e-02
 139.40 9.52820e-01 2.44168e-02 2.27631e-02
 139.60 9.52541e-01 2.42889e-02 2.31707e-02
 139.80 9.52546e-01 2.39822e-02 2.34722e-02
 140.00 9.52900e-01 2.34778e-02 2.36219e-02
 140.20 9.53600e-01 2.27702e-02 2.36301e-02
 140.40 9.54227e-01 2.21434e-02 2.36302e-02
 140.60 9.54725e-01 2.14499e-02 2.38253e-02
 140.80 9.55202e-01 2.09231e-02 2.38753e-02
 141.00 9.55944e-01 2.01993e-02 2.38567e-02
 141.20 9.56765e-01 1.94601e-02 2.37753e-02
 141.40 9.58126e-01 1.85044e-02 2.33696e-02
 141.60 9.58788e-01 1.77117e-02 2.35006e-02
 141.80 9.58726e-01 1.71388e-02 2.41348e-02
 142.00 9.57912e-01 1.68920e-02 2.51961e-02
 142.20 9.57534e-01 1.68640e-02 2.56019e-02
 142.40 9.56874e-01 1.70007e-02 2.61255e-02
 142.60 9.55977e-01 1.72894e-02 2.67340e-02
 142.80 9.54910e-01 1.76956e-02 2.73942e-02
 143.00 9.53757e-01 1.81670e-02 2.80758e-02
 143.20 9.52613e-01 1.86354e-02 2.87522e-02
 143.40 9.51589e-01 1.90225e-02 2.93891e-02
 143.60 9.50843e-01 1.95343e-02 2.96229e-02
 143.80 9.49813e-01 1.98498e-02 3.03369e-02
 144.00 9.48662e-01 1.99288e-02 3.14097e-02
 144.20 9.47579e-01 1.97517e-02 3.26692e-02
 144.40 9.46747e-01 1.93352e-02 3.39175e-02
 144.60 9.46303e-01 1.87182e-02 3.49789e-02
 144.80 9.46320e-01 1.79496e-02 3.57309e-02
 145.00 9.46802e-01 1.70858e-02 3.61124e-02
 145.20 9.47696e-01 1.61811e-02 3.61234e-02
 145.40 9.48904e-01 1.52842e-02 3.58120e-02
 145.60 9.50305e-01 1.44383e-02 3.52565e-02
 145.80 9.51775e-01 1.36801e-02 3.45448e-02
 146.00 9.53201e-01 1.30425e-02 3.37567e-02
 146.20 9.54483e-01 1.26174e-02 3.28992e-02
 146.40 9.55348e-01 1.23381e-02 3.23139e-02
 146.60 9.56113e-01 1.21983e-02 3.16886e-02
 146.80 9.56756e-01 1.21820e-02 3.10617e-02
 147.00 9.57254e-01 1.22820e-02 3.04643e-02
 147.20 9.57589e-01 1.24728e-02 2.99382e-02
 147.40 9.57757e-01 1.27298e-02 2.95134e-02
 147.60 9.57767e-01 1.30265e-02 2.92063e-02
 147.80 9.57649e-01 1.33353e-02 2.90156e-02
 148.00 9.57444e-01 1.36325e-02 2.89233e-02
 148.20 9.57198e-01 1.39011e-02 2.89014e-02
 148.40 9.56948e-01 1.41259e-02 2.89263e-02
 148.60 9.56721e-01 1.43128e-02 2.89663e-02
 148.80 9.56270e-01 1.46243e-02 2.91057e-02
 149.00 9.55441e-01 1.50411e-02 2.95177e-02
 149.20 9.54650e-01 1.53572e-02 2.99929e-02
 149.40 9.53972e-01 1.55727e-02 3.04553e-02
 149.60 9.53506e-01 1.56923e-02 3.08023e-02
 149.80 9.53343e-01 1.57242e-02 3.09330e-02
 150.00 9.53531e-01 1.56820e-02 3.07869e-02
 150.20 9.54041e-01 1.55783e-02 3.03812e-02
 150.40 9.54758e-01 1.54297e-02 2.98122e-02
 150.60 9.55517e-01 1.52543e-02 2.92288e-02
 150.80 9.56149e-01 1.50683e-02 2.87824e-02
 151.00 9.56543e-01 1.48856e-02 2.85719e-02
 151.20 9.56671e-01 1.47177e-02 2.86114e-02
 151.40 9.56592e-01 1.45708e-02 2.88378e-02
 151.60 9.56406e-01 1.44525e-02 2.91419e-02
 151.80 9.56213e-01 1.43675e-02 2.94196e-02
 152.00 9.56075e-01 1.43151e-02 2.96099e-02
 152.20 9.55999e-01 1.42937e-02 2.97077e-02
 152.40 9.55948e-01 1.43027e-02 2.97490e-02
 152.60 9.55880e-01 1.43390e-02 2.97812e-02
 152.80 9.55768e-01 1.44001e-02 2.98321e-02
 153.00 9.55616e-01 1.44845e-02 2.98992e-02
 153.20 9.55452e-01 1.45909e-02 2.99570e-02
 153.40 9.55306e-01 1.47162e-02 2.99776e-02
 153.60 9.55194e-01 1.48544e-02 2.99516e-02
 153.80 9.55109e-01 1.49937e-02 2.98971e-02
 154.00 9.55034e-01 1.51176e-02 2.98490e-02
 154.20 9.54954e-01 1.52067e-02 2.98390e-02
 154.40 9.54805e-01 1.52574e-02 2.99379e-02
 154.60 9.54730e-01 1.51833e-02 3.00867e-02
 154.80 9.54783e-01 1.49571e-02 3.02599e-02
 155.00 9.55004e-01 1.45665e-02 3.04301e-02
 155.20 9.55409e-01 1.40124e-02 3.05790e-02
 155.40 9.55989e-01 1.33117e-02 3.06997e-02
 155.60 9.56710e-01 1.25032e-02 3.07868e-02
 155.80 9.57524e-01 1.16308e-02 3.08456e-02
 156.00 9.58371e-01 1.07549e-02 3.08744e-02
 156.20 9.59196e-01 9.92724e-03 3.08771e-02
 156.40 9.59945e-01 9.21351e-03 3.08420e-02
 156.60 9.60575e-01 8.65716e-03 3.07681e-02
 156.80 9.61056e-01 8.28500e-03 3.06594e-02
 157.00 9.61371e-01 8.10197e-03 3.05270e-02
 157.20 9.61521e-01 8.09078e-03 3.03880e-02
 157.40 9.61523e-01 8.21529e-03 3.02616e-02
 157.60 9.61410e-01 8.42627e-03 3.01641e-02
 157.80 9.61226e-01 8.66969e-03 3.01040e-02
 158.00 9.61024e-01 8.89535e-03 3.00805e-02
 158.20 9.60851e-01 9.06439e-03 3.00850e-02
 158.40 9.60741e-01 9.15403e-03 3.01053e-02
 158.60 9.60711e-01 9.15851e-03 3.01307e-02
 158.80 9.60756e-01 9.08889e-03 3.01556e-02
 159.00 9.60852e-01 8.96849e-03 3.01794e-02
 159.20 9.60967e-01 8.82680e-03 3.02064e-02
 159.40 9.61065e-01 8.70179e-03 3.02332e-02
 159.60 9.61120e-01 8.62124e-03 3.02589e-02
 159.80 9.61116e-01 8.61100e-03 3.02732e-02
 160.00 9.61048e-01 8.68301e-03 3.02693e-02
 160.20 9.60918e-01 8.84282e-03 3.02393e-02
 160.40 9.60734e-01 9.08068e-03 3.01850e-02
 160.60 9.60508e-01 9.37676e-03 3.01157e-02
 160.80 9.60253e-01 9.70329e-03 3.00439e-02
 161.00 9.59993e-01 1.00285e-02 2.99790e-02
 161.20 9.59756e-01 1.03207e-02 2.99236e-02
 161.40 9.59574e-01 1.05523e-02 2.98740e-02
 161.60 9.59472e-01 1.07029e-02 2.98252e-02
 161.80 9.59463e-01 1.07500e-02 2.97871e-02
 162.00 9.59329e-01 1.07446e-02 2.99264e-02
 162.20 9.59023e-01 1.07031e-02 3.02739e-02
 162.40 9.58656e-01 1.06317e-02 3.07120e-02
 162.60 9.58371e-01 1.05385e-02 3.10907e-02
 162.80 9.58287e-01 1.04334e-02 3.12800e-02
 163.00 9.58453e-01 1.03281e-02 3.12191e-02
 163.20 9.58826e-01 1.02337e-02 3.09406e-02
 163.40 9.59285e-01 1.01583e-02 3.05571e-02
 163.60 9.59680e-01 1.01005e-02 3.02200e-02
 163.80 9.59882e-01 1.00375e-02 3.00807e-02
 164.00 9.59808e-01 9.98872e-03 3.02029e-02
 164.20 9.59486e-01 1.00270e-02 3.04876e-02
 164.40 9.59290e-01 1.01161e-02 3.05939e-02
 164.60 9.59194e-01 1.02241e-02 3.05817e-02
 164.80 9.59067e-01 1.03369e-02 3.05959e-02
 165.00 9.58893e-01 1.04352e-02 3.06716e-02
 165.20 9.58673e-01 1.05069e-02 3.08198e-02
 165.40 9.58439e-01 1.05498e-02 3.10109e-02
 165.60 9.58247e-01 1.05728e-02 3.11800e-02
 165.80 9.58150e-01 1.05913e-02 3.12586e-02
 166.00 9.58169e-01 1.06230e-02 3.12087e-02
 166.20 9.58272e-01 1.06832e-02 3.10451e-02
 166.40 9.58387e-01 1.07825e-02 3.08309e-02
 166.60 9.58425e-01 1.09250e-02 3.06499e-02
 166.80 9.58326e-01 1.11048e-02 3.05696e-02
 167.00 9.58084e-01 1.13038e-02 3.06127e-02
 167.20 9.57625e-01 1.15740e-02 3.08008e-02
 167.40 9.57187e-01 1.18490e-02 3.09641e-02
 167.60 9.56904e-01 1.20191e-02 3.10766e-02
 167.80 9.56833e-01 1.20487e-02 3.11189e-02
 168.00 9.56994e-01 1.19121e-02 3.10936e-02
 168.20 9.57377e-01 1.16011e-02 3.10216e-02
 168.40 9.57940e-01 1.11316e-02 3.09289e-02
 168.60 9.58628e-01 1.05349e-02 3.08373e-02
 168.80 9.59381e-01 9.85921e-03 3.07604e-02
 169.00 9.60127e-01 9.17017e-03 3.07026e-02
 169.20 9.60801e-01 8.53693e-03 3.06618e-02
 169.40 9.61347e-01 8.01614e-03 3.06366e-02
 169.60 9.61726e-01 7.64850e-03 3.06261e-02
 169.80 9.61916e-01 7.45196e-03 3.06327e-02
 170.00 9.61921e-01 7.41973e-03 3.06593e-02
 170.20 9.61772e-01 7.52284e-03 3.07050e-02
 170.40 9.61521e-01 7.71604e-03 3.07629e-02
 170.60 9.61233e-01 7.94637e-03 3.08206e-02
 170.80 9.60972e-01 8.16359e-03 3.08641e-02
 171.00 9.60787e-01 8.32958e-03 3.08838e-02
 171.20 9.60699e-01 8.42336e-03 3.08777e-02
 171.40 9.60704e-01 8.44338e-03 3.08525e-02
 171.60 9.60775e-01 8.40602e-03 3.08188e-02
 171.80 9.60873e-01 8.34014e-03 3.07867e-02
 172.00 9.60960e-01 8.27989e-03 3.07605e-02
 172.20 9.61005e-01 8.25736e-03 3.07382e-02
 172.40 9.60990e-01 8.29557e-03 3.07146e-02
 172.60 9.60910e-01 8.40522e-03 3.06849e-02
 172.80 9.60825e-01 8.53125e-03 3.06443e-02
 173.00 9.60678e-01 8.62093e-03 3.07009e-02
 173.20 9.60270e-01 8.73379e-03 3.09961e-02
 173.40 9.59732e-01 8.85420e-03 3.14143e-02
 173.60 9.59244e-01 8.96666e-03 3.17899e-02
 173.80 9.58964e-01 9.05787e-03 3.19778e-02
 174.00 9.58963e-01 9.11858e-03 3.19187e-02
 174.20 9.59194e-01 9.14496e-03 3.16611e-02
 174.40 9.59526e-01 9.13910e-03 3.13347e-02
 174.60 9.59811e-01 9.10900e-03 3.10805e-02
 174.80 9.59951e-01 9.06180e-03 3.09875e-02
 175.00 9.59940e-01 9.01070e-03 3.10497e-02
 175.20 9.59846e-01 8.96314e-03 3.11914e-02
 175.40 9.59763e-01 8.91769e-03 3.13194e-02
 175.60 9.59757e-01 8.87582e-03 3.13673e-02
 175.80 9.59837e-01 8.83415e-03 3.13292e-02
 176.00 9.59970e-01 8.77635e-03 3.12542e-02
 176.20 9.60113e-01 8.70515e-03 3.11820e-02
 176.40 9.60244e-01 8.62050e-03 3.11355e-02
 176.60 9.60365e-01 8.52522e-03 3.11103e-02
 176.80 9.60481e-01 8.43604e-03 3.10831e-02
 177.00 9.60581e-01 8.37223e-03 3.10466e-02
 177.20 9.60628e-01 8.35529e-03 3.10168e-02
 177.40 9.60576e-01 8.40317e-03 3.10213e-02
 177.60 9.60401e-01 8.52527e-03 3.10744e-02
 177.80 9.60122e-01 8.72105e-03 3.11569e-02
 178.00 9.59800e-01 8.95832e-03 3.12420e-02
 178.20 9.59509e-01 9.21151e-03 3.12793e-02
 178.40 9.59311e-01 9.43761e-03 3.12511e-02
 178.60 9.59235e-01 9.59054e-03 3.11743e-02
 178.80 9.59282e-01 9.63539e-03 3.10823e-02
 179.00 9.59421e-01 9.54797e-03 3.10307e-02
 179.20 9.59683e-01 9.29895e-03 3.10185e-02
 179.40 9.60101e-01 8.92783e-03 3.09709e-02
 179.60 9.60601e-01 8.49406e-03 3.09051e-02
 179.80 9.61076e-01 8.07257e-03 3.08513e-02
 180.00 9.61424e-01 7.73778e-03 3.08382e-02
 180.20 9.61575e-01 7.54736e-03 3.08778e-02
 180.40 9.61513e-01 7.53005e-03 3.09572e-02
 180.60 9.61278e-01 7.67843e-03 3.10440e-02
 180.80 9.60947e-01 7.95253e-03 3.11004e-02
 181.00 9.60609e-01 8.28800e-03 3.11028e-02
 181.20 9.60336e-01 8.61337e-03 3.10506e-02
 181.40 9.60169e-01 8.86728e-03 3.09642e-02
 181.60 9.60114e-01 9.01304e-03 3.08726e-02
